0,1,0,2,2,0,5,2,0,8,8,6,0,12,8,6,0,16,16,15,0,16,16,15,0,15,0,26,26,15,0,26,26,13,6,2,0,15,0,38,38,15,0,38,15,0,45,45,13,8,6,0,51,43,15,0,0,45,45,13,0,60,60,0,63,60,0,66,66,64,0,70,66,64,0,74,74,73,0,74,74,73,0,73,0,84,84,73,0,84,84,71,64,60,0,73,0,96,96,73,0,96,73,0,103,103,71,66,64,0,109,101,73,0,0,103,103,71,0,118,118,0,121,118,0,124,124,122,0,128,124,122,0,132,132,131,0,132,132,131,0,131,0,142,142,131,0,142,142,129,122,118,0,131,0,154,154,131,0,154,131,0,161,161,129,124,122,0,167,159,131,0,0,161,161,129,0,176,176,0,179,176,0,182,182,180,0,186,182,180,0,190,190,189,0,190,190,189,0,189,0,200,200,189,0,200,200,187,180,176,0,189,0,212,212,189,0,212,189,0,219,219,187,182,180,0,225,217,189,0,0,219,219,187,0,234,234,0,237,234,0,240,240,238,0,244,240,238,0,248,248,247,0,248,248,247,0,247,0,258,258,247,0,258,258,245,238,234,0,247,0,270,270,247,0,270,247,0,277,277,245,240,238,0,283,275,247,0,0,277,277,245,0,292,292,0,295,292,0,298,298,296,0,302,298,296,0,306,306,305,0,306,306,305,0,305,0,316,316,305,0,316,316,303,296,292,0,305,0,328,328,305,0,328,305,0,335,335,303,298,296,0,341,333,305,0,0,335,335,303,
0,1,0,2,2,0,5,2,0,8,8,6,0,12,8,6,0,16,16,15,0,16,16,15,0,15,0,26,26,15,0,26,26,13,6,2,0,15,0,38,38,15,0,38,15,0,45,45,13,8,6,0,45,45,13,2,0,56,43,15,0,0,45,45,13,0,65,65,0,68,65,0,71,71,69,0,75,71,69,0,79,79,78,0,79,79,78,0,78,0,89,89,78,0,89,89,76,69,65,0,78,0,101,101,78,0,101,78,0,108,108,76,71,69,0,108,108,76,65,0,119,106,78,0,0,108,108,76,0,128,128,0,131,128,0,134,134,132,0,138,134,132,0,142,142,141,0,142,142,141,0,141,0,152,152,141,0,152,152,139,132,128,0,141,0,164,164,141,0,164,141,0,171,171,139,134,132,0,171,171,139,128,0,182,169,141,0,0,171,171,139,0,191,191,0,194,191,0,197,197,195,0,201,197,195,0,205,205,204,0,205,205,204,0,204,0,215,215,204,0,215,215,202,195,191,0,204,0,227,227,204,0,227,204,0,234,234,202,197,195,0,234,234,202,191,0,245,232,204,0,0,234,234,202,0,254,254,0,257,254,0,260,260,258,0,264,260,258,0,268,268,267,0,268,268,267,0,267,0,278,278,267,0,278,278,265,258,254,0,267,0,290,290,267,0,290,267,0,297,297,265,260,258,0,297,297,265,254,0,308,295,267,0,0,297,297,265,0,317,317,0,320,317,0,323,323,321,0,327,323,321,0,331,331,330,0,331,331,330,0,330,0,341,341,330,0,341,341,328,321,317,0,330,0,353,353,330,0,353,330,0,360,360,328,323,321,0,360,360,328,317,0,371,358,330,0,0,360,360,328,
0,1,0,2,2,0,5,2,0,8,8,6,0,12,8,6,0,16,16,15,0,16,16,15,0,15,0,26,26,15,0,26,26,13,6,2,0,15,0,38,38,15,0,38,15,0,45,45,13,8,6,0,45,45,13,1,0,56,43,15,0,0,45,45,13,0,65,65,0,68,65,0,71,71,69,0,75,71,69,0,79,79,78,0,79,79,78,0,78,0,89,89,78,0,89,89,76,69,65,0,78,0,101,101,78,0,101,78,0,108,108,76,71,69,0,108,108,76,64,0,119,106,78,0,0,108,108,76,0,128,128,0,131,128,0,134,134,132,0,138,134,132,0,142,142,141,0,142,142,141,0,141,0,152,152,141,0,152,152,139,132,128,0,141,0,164,164,141,0,164,141,0,171,171,139,134,132,0,171,171,139,127,0,182,169,141,0,0,171,171,139,0,191,191,0,194,191,0,197,197,195,0,201,197,195,0,205,205,204,0,205,205,204,0,204,0,215,215,204,0,215,215,202,195,191,0,204,0,227,227,204,0,227,204,0,234,234,202,197,195,0,234,234,202,190,0,245,232,204,0,0,234,234,202,0,254,254,0,257,254,0,260,260,258,0,264,260,258,0,268,268,267,0,268,268,267,0,267,0,278,278,267,0,278,278,265,258,254,0,267,0,290,290,267,0,290,267,0,297,297,265,260,258,0,297,297,265,253,0,308,295,267,0,0,297,297,265,0,317,317,0,320,317,0,323,323,321,0,327,323,321,0,331,331,330,0,331,331,330,0,330,0,341,341,330,0,341,341,328,321,317,0,330,0,353,353,330,0,353,330,0,360,360,328,323,321,0,360,360,328,316,0,371,358,330,0,0,360,360,328,
0,1,0,2,2,0,5,2,0,8,8,6,0,12,8,6,0,16,16,15,0,16,16,15,0,15,0,26,26,15,0,26,26,13,6,2,0,15,0,38,38,15,0,38,15,0,45,45,13,8,6,0,45,45,13,0,55,55,55,45,43,15,0,55,55,0,65,65,0,68,65,0,71,71,69,0,75,71,69,0,79,79,78,0,79,79,78,0,78,0,89,89,78,0,89,89,76,69,65,0,78,0,101,101,78,0,101,78,0,108,108,76,71,69,0,108,108,76,0,118,118,118,108,106,78,0,118,118,0,128,128,0,131,128,0,134,134,132,0,138,134,132,0,142,142,141,0,142,142,141,0,141,0,152,152,141,0,152,152,139,132,128,0,141,0,164,164,141,0,164,141,0,171,171,139,134,132,0,171,171,139,0,181,181,181,171,169,141,0,181,181,0,191,191,0,194,191,0,197,197,195,0,201,197,195,0,205,205,204,0,205,205,204,0,204,0,215,215,204,0,215,215,202,195,191,0,204,0,227,227,204,0,227,204,0,234,234,202,197,195,0,234,234,202,0,244,244,244,234,232,204,0,244,244,0,254,254,0,257,254,0,260,260,258,0,264,260,258,0,268,268,267,0,268,268,267,0,267,0,278,278,267,0,278,278,265,258,254,0,267,0,290,290,267,0,290,267,0,297,297,265,260,258,0,297,297,265,0,307,307,307,297,295,267,0,307,307,0,317,317,0,320,317,0,323,323,321,0,327,323,321,0,331,331,330,0,331,331,330,0,330,0,341,341,330,0,341,341,328,321,317,0,330,0,353,353,330,0,353,330,0,360,360,328,323,321,0,360,360,328,0,370,370,370,360,358,330,0,370,370,
0,1,0,2,2,0,5,2,0,8,8,6,0,12,8,6,0,16,16,15,0,16,16,15,0,15,0,26,26,15,0,26,26,13,6,2,0,15,0,38,38,15,0,38,15,0,45,45,13,8,6,0,45,45,13,0,55,55,55,43,15,0,55,55,43,0,65,65,0,68,65,0,71,71,69,0,75,71,69,0,79,79,78,0,79,79,78,0,78,0,89,89,78,0,89,89,76,69,65,0,78,0,101,101,78,0,101,78,0,108,108,76,71,69,0,108,108,76,0,118,118,118,106,78,0,118,118,106,0,128,128,0,131,128,0,134,134,132,0,138,134,132,0,142,142,141,0,142,142,141,0,141,0,152,152,141,0,152,152,139,132,128,0,141,0,164,164,141,0,164,141,0,171,171,139,134,132,0,171,171,139,0,181,181,181,169,141,0,181,181,169,0,191,191,0,194,191,0,197,197,195,0,201,197,195,0,205,205,204,0,205,205,204,0,204,0,215,215,204,0,215,215,202,195,191,0,204,0,227,227,204,0,227,204,0,234,234,202,197,195,0,234,234,202,0,244,244,244,232,204,0,244,244,232,0,254,254,0,257,254,0,260,260,258,0,264,260,258,0,268,268,267,0,268,268,267,0,267,0,278,278,267,0,278,278,265,258,254,0,267,0,290,290,267,0,290,267,0,297,297,265,260,258,0,297,297,265,0,307,307,307,295,267,0,307,307,295,0,317,317,0,320,317,0,323,323,321,0,327,323,321,0,331,331,330,0,331,331,330,0,330,0,341,341,330,0,341,341,328,321,317,0,330,0,353,353,330,0,353,330,0,360,360,328,323,321,0,360,360,328,0,370,370,370,358,330,0,370,370,358,
0,1,0,2,2,0,5,2,0,8,8,6,0,12,8,6,0,16,16,15,0,16,16,15,0,15,0,26,26,15,0,26,26,13,6,2,0,15,0,38,38,15,0,38,15,0,45,45,13,8,6,0,45,45,13,0,55,55,55,43,15,0,45,45,13,0,65,65,0,68,65,0,71,71,69,0,75,71,69,0,79,79,78,0,79,79,78,0,78,0,89,89,78,0,89,89,76,69,65,0,78,0,101,101,78,0,101,78,0,108,108,76,71,69,0,108,108,76,0,118,118,118,106,78,0,108,108,76,0,128,128,0,131,128,0,134,134,132,0,138,134,132,0,142,142,141,0,142,142,141,0,141,0,152,152,141,0,152,152,139,132,128,0,141,0,164,164,141,0,164,141,0,171,171,139,134,132,0,171,171,139,0,181,181,181,169,141,0,171,171,139,0,191,191,0,194,191,0,197,197,195,0,201,197,195,0,205,205,204,0,205,205,204,0,204,0,215,215,204,0,215,215,202,195,191,0,204,0,227,227,204,0,227,204,0,234,234,202,197,195,0,234,234,202,0,244,244,244,232,204,0,234,234,202,0,254,254,0,257,254,0,260,260,258,0,264,260,258,0,268,268,267,0,268,268,267,0,267,0,278,278,267,0,278,278,265,258,254,0,267,0,290,290,267,0,290,267,0,297,297,265,260,258,0,297,297,265,0,307,307,307,295,267,0,297,297,265,0,317,317,0,320,317,0,323,323,321,0,327,323,321,0,331,331,330,0,331,331,330,0,330,0,341,341,330,0,341,341,328,321,317,0,330,0,353,353,330,0,353,330,0,360,360,328,323,321,0,360,360,328,0,370,370,370,358,330,0,360,360,328,
0,1,0,2,2,0,5,2,0,8,8,6,0,12,8,6,0,16,16,15,0,16,16,15,0,15,0,26,26,15,0,26,26,13,6,2,0,15,0,38,38,15,0,38,15,0,45,45,13,8,6,0,45,45,13,0,55,55,45,43,15,0,61,55,55,0,65,65,0,68,65,0,71,71,69,0,75,71,69,0,79,79,78,0,79,79,78,0,78,0,89,89,78,0,89,89,76,69,65,0,78,0,101,101,78,0,101,78,0,108,108,76,71,69,0,108,108,76,0,118,118,108,106,78,0,124,118,118,0,128,128,0,131,128,0,134,134,132,0,138,134,132,0,142,142,141,0,142,142,141,0,141,0,152,152,141,0,152,152,139,132,128,0,141,0,164,164,141,0,164,141,0,171,171,139,134,132,0,171,171,139,0,181,181,171,169,141,0,187,181,181,0,191,191,0,194,191,0,197,197,195,0,201,197,195,0,205,205,204,0,205,205,204,0,204,0,215,215,204,0,215,215,202,195,191,0,204,0,227,227,204,0,227,204,0,234,234,202,197,195,0,234,234,202,0,244,244,234,232,204,0,250,244,244,0,254,254,0,257,254,0,260,260,258,0,264,260,258,0,268,268,267,0,268,268,267,0,267,0,278,278,267,0,278,278,265,258,254,0,267,0,290,290,267,0,290,267,0,297,297,265,260,258,0,297,297,265,0,307,307,297,295,267,0,313,307,307,0,317,317,0,320,317,0,323,323,321,0,327,323,321,0,331,331,330,0,331,331,330,0,330,0,341,341,330,0,341,341,328,321,317,0,330,0,353,353,330,0,353,330,0,360,360,328,323,321,0,360,360,328,0,370,370,360,358,330,0,376,370,370,
0,1,0,2,2,0,5,2,0,8,8,6,0,12,8,6,0,16,16,15,0,16,16,15,0,15,0,26,26,15,0,26,26,13,6,2,0,15,0,38,38,15,0,38,15,0,45,45,13,8,6,0,45,45,13,0,55,55,45,43,15,0,55,55,0,64,64,0,67,64,0,70,70,68,0,74,70,68,0,78,78,77,0,78,78,77,0,77,0,88,88,77,0,88,88,75,68,64,0,77,0,100,100,77,0,100,77,0,107,107,75,70,68,0,107,107,75,0,117,117,107,105,77,0,117,117,0,126,126,0,129,126,0,132,132,130,0,136,132,130,0,140,140,139,0,140,140,139,0,139,0,150,150,139,0,150,150,137,130,126,0,139,0,162,162,139,0,162,139,0,169,169,137,132,130,0,169,169,137,0,179,179,169,167,139,0,179,179,0,188,188,0,191,188,0,194,194,192,0,198,194,192,0,202,202,201,0,202,202,201,0,201,0,212,212,201,0,212,212,199,192,188,0,201,0,224,224,201,0,224,201,0,231,231,199,194,192,0,231,231,199,0,241,241,231,229,201,0,241,241,0,250,250,0,253,250,0,256,256,254,0,260,256,254,0,264,264,263,0,264,264,263,0,263,0,274,274,263,0,274,274,261,254,250,0,263,0,286,286,263,0,286,263,0,293,293,261,256,254,0,293,293,261,0,303,303,293,291,263,0,303,303,0,312,312,0,315,312,0,318,318,316,0,322,318,316,0,326,326,325,0,326,326,325,0,325,0,336,336,325,0,336,336,323,316,312,0,325,0,348,348,325,0,348,325,0,355,355,323,318,316,0,355,355,323,0,365,365,355,353,325,0,365,365,
0,1,0,2,2,0,5,2,0,8,8,6,0,12,8,6,0,16,16,15,0,16,16,15,0,15,0,26,26,15,0,26,26,13,6,2,0,15,0,38,38,15,0,38,15,0,45,45,13,8,6,0,45,45,13,0,55,55,43,15,0,60,55,55,43,0,65,65,0,68,65,0,71,71,69,0,75,71,69,0,79,79,78,0,79,79,78,0,78,0,89,89,78,0,89,89,76,69,65,0,78,0,101,101,78,0,101,78,0,108,108,76,71,69,0,108,108,76,0,118,118,106,78,0,123,118,118,106,0,128,128,0,131,128,0,134,134,132,0,138,134,132,0,142,142,141,0,142,142,141,0,141,0,152,152,141,0,152,152,139,132,128,0,141,0,164,164,141,0,164,141,0,171,171,139,134,132,0,171,171,139,0,181,181,169,141,0,186,181,181,169,0,191,191,0,194,191,0,197,197,195,0,201,197,195,0,205,205,204,0,205,205,204,0,204,0,215,215,204,0,215,215,202,195,191,0,204,0,227,227,204,0,227,204,0,234,234,202,197,195,0,234,234,202,0,244,244,232,204,0,249,244,244,232,0,254,254,0,257,254,0,260,260,258,0,264,260,258,0,268,268,267,0,268,268,267,0,267,0,278,278,267,0,278,278,265,258,254,0,267,0,290,290,267,0,290,267,0,297,297,265,260,258,0,297,297,265,0,307,307,295,267,0,312,307,307,295,0,317,317,0,320,317,0,323,323,321,0,327,323,321,0,331,331,330,0,331,331,330,0,330,0,341,341,330,0,341,341,328,321,317,0,330,0,353,353,330,0,353,330,0,360,360,328,323,321,0,360,360,328,0,370,370,358,330,0,375,370,370,358,
0,1,0,2,2,0,5,2,0,8,8,6,0,12,8,6,0,16,16,15,0,16,16,15,0,15,0,26,26,15,0,26,26,13,6,2,0,15,0,38,38,15,0,38,15,0,45,45,13,8,6,0,45,45,13,0,55,55,43,15,0,55,55,43,0,64,64,0,67,64,0,70,70,68,0,74,70,68,0,78,78,77,0,78,78,77,0,77,0,88,88,77,0,88,88,75,68,64,0,77,0,100,100,77,0,100,77,0,107,107,75,70,68,0,107,107,75,0,117,117,105,77,0,117,117,105,0,126,126,0,129,126,0,132,132,130,0,136,132,130,0,140,140,139,0,140,140,139,0,139,0,150,150,139,0,150,150,137,130,126,0,139,0,162,162,139,0,162,139,0,169,169,137,132,130,0,169,169,137,0,179,179,167,139,0,179,179,167,0,188,188,0,191,188,0,194,194,192,0,198,194,192,0,202,202,201,0,202,202,201,0,201,0,212,212,201,0,212,212,199,192,188,0,201,0,224,224,201,0,224,201,0,231,231,199,194,192,0,231,231,199,0,241,241,229,201,0,241,241,229,0,250,250,0,253,250,0,256,256,254,0,260,256,254,0,264,264,263,0,264,264,263,0,263,0,274,274,263,0,274,274,261,254,250,0,263,0,286,286,263,0,286,263,0,293,293,261,256,254,0,293,293,261,0,303,303,291,263,0,303,303,291,0,312,312,0,315,312,0,318,318,316,0,322,318,316,0,326,326,325,0,326,326,325,0,325,0,336,336,325,0,336,336,323,316,312,0,325,0,348,348,325,0,348,325,0,355,355,323,318,316,0,355,355,323,0,365,365,353,325,0,365,365,353,
